f_1 = [-1.0;-1.0;-1.0;-1.0;-1.0;-1.0;-1.0;-1.0;-1.0;-1.0;-1.0;-1.0]; % the target functions are in the order of variety, costs, defects, not used before 
f_2 = [2.0;3.0;4.0;3.0;4.0;5.0;6.0;5.0;6.0;1.0;2.0;1.0];
f_3 = [5.0;4.0;3.0;4.0;3.0;2.0;1.0;2.0;1.0;6.0;5.0;6.0];
f_4 = [0.0;1.0;1.0;0.0;1.0;0.0;0.0;0.0;1.0;0.0;0.0;0.0];
A = [ 0 0 0 1.0 0 0 0 0 0 0 -1.0 0;
 0 0 0 0 1.0 0 0 0 0 0 -1.0 0;
 0 0 0 0 0 1.0 0 0 0 0 -1.0 0;
 0 0 0 0 0 0 1.0 0 0 0 -1.0 0;
 0 0 0 0 0 0 0 0 0 1.0 -1.0 0;
 1.0 0 0 0 0 0 0 0 0 0 0 -1.0;
 0 1.0 0 0 0 0 0 0 0 0 0 -1.0;
 0 0 1.0 0 0 0 0 0 0 0 0 -1.0;
 -1.0 -1.0 -1.0 0 0 0 0 0 0 0 0 1.0;
 1.0 1.0 0 0 0 0 0 0 0 0 0 0;
 1.0 0 1.0 0 0 0 0 0 0 0 0 0;
 0 1.0 1.0 0 0 0 0 0 0 0 0 0;
 0 0 0 0 0 0 -1.0 1.0 0 0 0 0;
 0 0 0 0 0 0 -1.0 0 1.0 0 0 0;
 0 0 0 0 0 0 1.0 -1.0 -1.0 0 0 0;
 0 0 0 0 0 0 0 1.0 0 -1.0 0 0;
 0 0 0 0 0 0 0 0 1.0 -1.0 0 0;
 0 0 0 0 0 0 0 -1.0 -1.0 1.0 0 0]
b = [ 0.0; 0.0; 0.0; 0.0; 0.0; 0.0; 0.0; 0.0; 0.0; 1.0; 1.0; 1.0; 0.0; 0.0; 0.0; 0.0; 0.0; 0.0]
Aeq = [ 0 0 0 0 0 0 0 0 0 0 1.0 0;
 0 0 0 0 0 0 0 0 0 0 0 1.0]
beq = [ 1.0; 1.0]
x = bintprog(f,A,b,Aeq,beq); 
 x
