f_1 = [-1.0;-1.0;-1.0;-1.0;-1.0;-1.0;-1.0;-1.0;-1.0;-1.0;-1.0;-1.0]; % the target functions are in the order of variety, costs, defects, not used before 
f_2 = [14.66;12.52;6.27;8.27;12.58;9.63;13.89;6.69;12.39;10.5;14.76;5.77];
f_3 = [6.0;6.0;3.0;3.0;7.0;4.0;6.0;5.0;8.0;4.0;3.0;5.0];
f_4 = [1.0;1.0;1.0;0.0;0.0;0.0;1.0;1.0;1.0;1.0;1.0;0.0];
A = [ 0 0 0 1.0 0 0 0 0 0 0 -1.0 0;
 0 0 0 0 1.0 0 0 0 0 0 -1.0 0;
 0 0 0 0 0 1.0 0 0 0 0 -1.0 0;
 0 0 0 0 0 0 1.0 0 0 0 -1.0 0;
 0 0 0 0 0 0 0 0 0 1.0 -1.0 0;
 1.0 0 0 0 0 0 0 0 0 0 0 -1.0;
 0 1.0 0 0 0 0 0 0 0 0 0 -1.0;
 0 0 1.0 0 0 0 0 0 0 0 0 -1.0;
 -1.0 -1.0 -1.0 0 0 0 0 0 0 0 0 1.0;
 1.0 1.0 0 0 0 0 0 0 0 0 0 0;
 1.0 0 1.0 0 0 0 0 0 0 0 0 0;
 0 1.0 1.0 0 0 0 0 0 0 0 0 0;
 0 0 0 0 0 0 -1.0 1.0 0 0 0 0;
 0 0 0 0 0 0 -1.0 0 1.0 0 0 0;
 0 0 0 0 0 0 1.0 -1.0 -1.0 0 0 0;
 0 0 0 0 0 0 0 1.0 0 -1.0 0 0;
 0 0 0 0 0 0 0 0 1.0 -1.0 0 0;
 0 0 0 0 0 0 0 -1.0 -1.0 1.0 0 0]
b = [ 0.0; 0.0; 0.0; 0.0; 0.0; 0.0; 0.0; 0.0; 0.0; 1.0; 1.0; 1.0; 0.0; 0.0; 0.0; 0.0; 0.0; 0.0]
Aeq = [ 0 0 0 0 0 0 0 0 0 0 1.0 0;
 0 0 0 0 0 0 0 0 0 0 0 1.0]
beq = [ 1.0; 1.0]
x = bintprog(f,A,b,Aeq,beq); 
 x
