0.0 39.0 0.0 0.0 0.0 
0.0 38.0 0.0 5.0 9.62 
0.0 37.0 1.0 10.0 12.18 
0.0 36.0 1.0 12.0 17.979999999999997 
0.0 35.0 2.0 20.0 24.73 
0.0 34.0 2.0 22.0 30.529999999999998 
0.0 33.0 3.0 26.0 38.17 
0.0 32.0 2.0 32.0 44.11999999999999 
0.0 31.0 3.0 36.0 51.760000000000005 
0.0 30.0 3.0 43.0 58.099999999999994 
0.0 29.0 4.0 47.0 65.74 
0.0 28.0 3.0 54.0 74.1 
0.0 27.0 4.0 58.0 81.73999999999998 
0.0 26.0 5.0 64.0 89.63999999999999 
0.0 25.0 6.0 69.0 99.38999999999999 
0.0 24.0 7.0 73.0 110.85999999999999 
0.0 23.0 6.0 78.0 119.79999999999998 
0.0 22.0 7.0 83.0 129.54999999999998 
0.0 21.0 8.0 89.0 139.43999999999997 
0.0 20.0 9.0 94.0 149.18999999999997 
0.0 19.0 9.0 100.0 160.49999999999997 
0.0 18.0 9.0 103.0 169.59999999999997 
0.0 17.0 10.0 108.0 179.34999999999997 
0.0 16.0 10.0 114.0 190.65999999999997 
0.0 15.0 12.0 117.0 200.56999999999996 
0.0 14.0 12.0 123.0 211.87999999999997 
0.0 13.0 13.0 130.0 223.39999999999995 
0.0 12.0 13.0 136.0 234.70999999999995 
0.0 11.0 14.0 143.0 246.67999999999995 
0.0 10.0 14.0 149.0 259.47999999999996 
0.0 9.0 14.0 158.0 272.73999999999995 
0.0 8.0 16.0 163.0 285.41999999999996 
0.0 7.0 16.0 169.0 298.21999999999997 
0.0 6.0 16.0 178.0 311.48 
0.0 5.0 16.0 182.0 325.20000000000005 
0.0 4.0 17.0 187.0 339.30000000000007 
0.0 4.0 16.0 186.0 343.30000000000007 
0.0 8.0 15.0 162.0 286.19 
0.0 7.0 15.0 171.0 299.45 
0.0 6.0 15.0 175.0 313.17 
0.0 5.0 15.0 181.0 329.20000000000005 
0.0 4.0 15.0 186.0 350.63000000000005 
0.0 8.0 14.0 162.0 286.46 
0.0 7.0 14.0 168.0 301.2 
0.0 6.0 14.0 174.0 317.17 
0.0 5.0 14.0 181.0 336.53000000000003 
0.0 11.0 13.0 142.0 247.50999999999996 
0.0 10.0 13.0 151.0 260.77 
0.0 9.0 13.0 155.0 274.48999999999995 
0.0 8.0 13.0 161.0 290.46 
0.0 7.0 13.0 167.0 305.2 
0.0 6.0 13.0 174.0 324.5 
0.0 13.0 12.0 129.0 224.67999999999998 
0.0 12.0 12.0 137.0 237.75999999999996 
0.0 11.0 12.0 146.0 251.01999999999995 
0.0 10.0 12.0 150.0 264.73999999999995 
0.0 9.0 12.0 154.0 278.48999999999995 
0.0 8.0 12.0 162.0 295.45 
0.0 7.0 12.0 167.0 312.53 
0.0 15.0 11.0 118.0 202.12999999999997 
0.0 14.0 11.0 127.0 213.48999999999995 
0.0 13.0 11.0 133.0 226.28999999999996 
0.0 12.0 11.0 142.0 239.54999999999995 
0.0 11.0 11.0 146.0 253.26999999999995 
0.0 10.0 11.0 149.0 268.73999999999995 
0.0 9.0 11.0 158.0 283.97999999999996 
0.0 8.0 11.0 162.0 302.78 
0.0 15.0 10.0 120.0 203.45999999999998 
0.0 14.0 10.0 128.0 216.53999999999996 
0.0 13.0 10.0 137.0 229.79999999999995 
0.0 12.0 10.0 141.0 243.51999999999995 
0.0 11.0 10.0 145.0 257.27 
0.0 10.0 10.0 153.0 274.22999999999996 
0.0 9.0 10.0 157.0 293.8 
0.0 17.0 9.0 109.0 180.90999999999997 
0.0 16.0 9.0 115.0 193.70999999999998 
0.0 15.0 9.0 124.0 206.96999999999997 
0.0 14.0 9.0 127.0 220.53999999999996 
0.0 13.0 9.0 136.0 233.79999999999995 
0.0 12.0 9.0 140.0 247.51999999999995 
0.0 11.0 9.0 148.0 265.25 
0.0 10.0 9.0 151.0 285.9 
0.0 20.0 8.0 95.0 150.74999999999997 
0.0 19.0 8.0 98.0 160.61999999999995 
0.0 18.0 8.0 104.0 171.92999999999995 
0.0 17.0 8.0 110.0 184.72999999999996 
0.0 16.0 8.0 119.0 197.98999999999998 
0.0 15.0 8.0 122.0 211.55999999999995 
0.0 14.0 8.0 131.0 224.81999999999996 
0.0 13.0 8.0 135.0 238.53999999999996 
0.0 12.0 8.0 142.0 257.34999999999997 
0.0 11.0 8.0 147.0 278.26 
0.0 21.0 7.0 90.0 141.76999999999998 
0.0 20.0 7.0 92.0 152.71999999999997 
0.0 19.0 7.0 98.0 164.02999999999997 
0.0 18.0 7.0 104.0 176.82999999999998 
0.0 17.0 7.0 113.0 190.09 
0.0 16.0 7.0 116.0 203.65999999999997 
0.0 15.0 7.0 125.0 216.92 
0.0 14.0 7.0 129.0 230.64 
0.0 13.0 7.0 138.0 249.70999999999998 
0.0 24.0 5.0 72.0 111.89999999999998 
0.0 22.0 6.0 84.0 132.6 
0.0 21.0 6.0 88.0 145.07999999999998 
0.0 20.0 6.0 94.0 156.39 
0.0 19.0 6.0 100.0 169.19 
0.0 18.0 6.0 109.0 182.45 
0.0 17.0 6.0 112.0 196.01999999999998 
0.0 16.0 6.0 121.0 209.27999999999997 
0.0 15.0 6.0 125.0 222.99999999999997 
0.0 25.0 5.0 70.0 102.43999999999998 
0.0 23.0 5.0 78.0 124.69999999999997 
0.0 22.0 5.0 82.0 138.42 
0.0 21.0 5.0 90.0 151.52999999999997 
0.0 20.0 5.0 94.0 165.24999999999997 
0.0 19.0 5.0 102.0 179.57999999999998 
0.0 18.0 5.0 111.0 196.73 
0.0 17.0 5.0 115.0 210.45 
0.0 26.0 4.0 64.0 94.53999999999998 
0.0 25.0 4.0 68.0 104.25999999999999 
0.0 24.0 4.0 74.0 117.05999999999999 
0.0 23.0 4.0 78.0 130.78 
0.0 22.0 4.0 86.0 143.89 
0.0 21.0 4.0 90.0 157.60999999999999 
0.0 29.0 3.0 48.0 67.72 
0.0 27.0 3.0 60.0 86.89999999999999 
0.0 26.0 3.0 64.0 100.61999999999999 
0.0 25.0 3.0 72.0 113.73 
0.0 24.0 3.0 76.0 127.45 
0.0 23.0 3.0 80.0 145.06 
0.0 33.0 2.0 30.0 38.32 
0.0 31.0 2.0 37.0 53.74000000000001 
0.0 30.0 2.0 43.0 60.120000000000005 
0.0 29.0 2.0 49.0 72.92 
0.0 28.0 2.0 55.0 86.95 
0.0 27.0 2.0 61.0 99.75000000000001 
0.0 26.0 2.0 66.0 114.89999999999999 
0.0 35.0 1.0 20.0 25.77 
0.0 34.0 1.0 22.0 31.569999999999997 
0.0 33.0 1.0 27.0 41.19 
0.0 32.0 1.0 33.0 47.57000000000001 
0.0 31.0 1.0 39.0 60.370000000000005 
0.0 30.0 1.0 45.0 74.4 
0.0 29.0 1.0 51.0 87.2 
0.0 37.0 0.0 10.0 13.59 
0.0 36.0 0.0 15.0 23.21 
0.0 35.0 0.0 21.0 29.59 
0.0 34.0 0.0 27.0 50.04 
0.0 33.0 0.0 33.0 56.419999999999995 
0.0 5.0 17.0 178.0 326.04 
0.0 5.0 16.0 180.0 327.27000000000004 
0.0 5.0 15.0 179.0 331.27000000000004 
0.0 5.0 14.0 179.0 338.6 
0.0 5.0 16.0 177.0 330.04 
0.0 5.0 15.0 177.0 337.37000000000006 
0.0 6.0 16.0 173.0 311.94 
0.0 6.0 15.0 173.0 315.3 
0.0 6.0 14.0 172.0 319.3 
0.0 6.0 13.0 172.0 326.63 
0.0 6.0 17.0 172.0 313.24 
0.0 6.0 16.0 171.0 314.01 
0.0 6.0 15.0 172.0 315.94 
0.0 6.0 15.0 170.0 318.01 
0.0 6.0 14.0 170.0 325.34000000000003 
0.0 7.0 15.0 166.0 299.90999999999997 
0.0 7.0 16.0 167.0 299.14 
0.0 7.0 14.0 165.0 303.90999999999997 
0.0 7.0 13.0 165.0 311.24 
0.0 7.0 12.0 166.0 318.73 
0.0 7.0 16.0 165.0 301.21 
0.0 7.0 15.0 164.0 302.03999999999996 
0.0 7.0 14.0 163.0 306.03999999999996 
0.0 7.0 13.0 163.0 313.37 
0.0 8.0 15.0 160.0 287.10999999999996 
0.0 8.0 14.0 159.0 287.94 
0.0 8.0 12.0 161.0 297.29999999999995 
0.0 8.0 11.0 161.0 304.63 
0.0 8.0 13.0 158.0 291.94 
0.0 8.0 12.0 158.0 299.27 
0.0 8.0 15.0 158.0 287.29999999999995 
0.0 8.0 14.0 157.0 291.29999999999995 
0.0 9.0 14.0 153.0 273.2 
0.0 8.0 13.0 157.0 298.14 
0.0 8.0 12.0 157.0 305.46999999999997 
0.0 9.0 11.0 154.0 285.82 
0.0 9.0 10.0 156.0 294.88 
0.0 9.0 13.0 152.0 277.2 
0.0 9.0 12.0 153.0 282.19 
0.0 9.0 11.0 153.0 289.52 
0.0 9.0 15.0 152.0 274.49999999999994 
0.0 9.0 14.0 151.0 275.33 
0.0 9.0 12.0 152.0 284.03999999999996 
0.0 9.0 11.0 152.0 291.37 
0.0 10.0 10.0 149.0 276.07 
0.0 9.0 13.0 150.0 279.33 
0.0 9.0 12.0 150.0 286.65999999999997 
0.0 10.0 13.0 146.0 261.22999999999996 
0.0 10.0 12.0 145.0 265.22999999999996 
0.0 10.0 14.0 147.0 260.4 
0.0 10.0 11.0 148.0 270.59000000000003 
0.0 10.0 10.0 148.0 277.92 
0.0 10.0 11.0 145.0 272.56 
0.0 10.0 10.0 147.0 281.62 
0.0 11.0 9.0 147.0 266.33 
0.0 11.0 9.0 144.0 267.09 
0.0 10.0 14.0 145.0 262.53 
0.0 11.0 12.0 141.0 251.47999999999996 
0.0 11.0 11.0 145.0 255.01999999999995 
0.0 10.0 13.0 144.0 266.53 
0.0 10.0 12.0 144.0 271.43 
0.0 11.0 11.0 140.0 255.47999999999996 
0.0 10.0 11.0 144.0 278.76 
0.0 11.0 10.0 144.0 259.76 
0.0 11.0 10.0 143.0 260.84000000000003 
0.0 11.0 9.0 143.0 268.17 
0.0 11.0 10.0 140.0 262.81 
0.0 11.0 9.0 142.0 272.64 
0.0 11.0 13.0 140.0 248.42999999999995 
0.0 12.0 11.0 137.0 240.00999999999996 
0.0 12.0 8.0 138.0 259.19 
0.0 11.0 12.0 139.0 252.42999999999995 
0.0 12.0 10.0 136.0 244.00999999999996 
0.0 11.0 14.0 139.0 251.21999999999994 
0.0 11.0 11.0 139.0 257.33 
0.0 11.0 10.0 139.0 264.66 
0.0 12.0 9.0 139.0 249.37 
0.0 11.0 13.0 138.0 252.49999999999997 
0.0 11.0 12.0 138.0 258.63 
0.0 11.0 11.0 138.0 265.96 
0.0 12.0 9.0 138.0 251.85999999999999 
0.0 11.0 14.0 137.0 256.4699999999999 
0.0 11.0 13.0 137.0 263.79999999999995 
0.0 12.0 9.0 135.0 253.82999999999998 
0.0 13.0 7.0 134.0 251.55 
0.0 12.0 12.0 133.0 238.39999999999998 
0.0 12.0 11.0 136.0 241.75999999999996 
0.0 13.0 10.0 132.0 230.25999999999996 
0.0 12.0 13.0 134.0 237.11999999999995 
0.0 12.0 11.0 134.0 242.67999999999995 
0.0 12.0 10.0 135.0 246.49999999999997 
0.0 13.0 9.0 131.0 234.25999999999996 
0.0 12.0 10.0 134.0 247.57999999999998 
0.0 12.0 9.0 134.0 254.91 
0.0 13.0 8.0 134.0 239.62 
0.0 12.0 11.0 133.0 244.52999999999997 
0.0 12.0 10.0 133.0 251.85999999999999 
0.0 13.0 8.0 133.0 244.08999999999997 
0.0 12.0 13.0 132.0 239.69999999999996 
0.0 12.0 12.0 132.0 244.6 
0.0 13.0 11.0 131.0 227.20999999999995 
0.0 12.0 11.0 132.0 251.93 
0.0 13.0 8.0 129.0 245.93 
0.0 12.0 14.0 131.0 245.15999999999994 
0.0 12.0 13.0 131.0 248.56999999999996 
0.0 12.0 12.0 131.0 255.89999999999998 
0.0 13.0 10.0 130.0 231.20999999999995 
0.0 13.0 11.0 128.0 228.64999999999998 
0.0 13.0 9.0 130.0 236.10999999999999 
0.0 14.0 8.0 126.0 225.27999999999994 
0.0 13.0 10.0 129.0 233.69999999999996 
0.0 13.0 9.0 129.0 238.6 
0.0 13.0 12.0 127.0 225.59999999999997 
0.0 13.0 10.0 128.0 234.77999999999997 
0.0 13.0 9.0 128.0 242.10999999999999 
0.0 14.0 7.0 125.0 238.29 
0.0 13.0 11.0 127.0 230.5 
0.0 14.0 10.0 124.0 217.17999999999998 
0.0 13.0 10.0 127.0 237.83 
0.0 13.0 13.0 126.0 228.38999999999996 
0.0 13.0 12.0 126.0 231.79999999999998 
0.0 14.0 11.0 124.0 214.92999999999998 
0.0 13.0 11.0 126.0 239.13 
0.0 14.0 9.0 125.0 221.45999999999995 
0.0 13.0 13.0 125.0 237.25999999999996 
0.0 13.0 12.0 125.0 244.58999999999997 
0.0 14.0 8.0 125.0 226.35999999999999 
0.0 14.0 9.0 124.0 223.30999999999997 
0.0 14.0 8.0 123.0 233.13 
0.0 15.0 7.0 120.0 217.37999999999997 
0.0 14.0 11.0 122.0 215.84999999999997 
0.0 14.0 10.0 123.0 219.67 
0.0 15.0 9.0 119.0 207.42999999999998 
0.0 14.0 9.0 123.0 225.79999999999998 
0.0 14.0 12.0 121.0 214.28999999999996 
0.0 14.0 10.0 122.0 220.75 
0.0 14.0 9.0 122.0 228.08 
0.0 14.0 11.0 121.0 217.7 
0.0 14.0 10.0 121.0 225.03 
0.0 15.0 8.0 120.0 212.47999999999993 
0.0 14.0 12.0 120.0 220.48999999999998 
0.0 14.0 11.0 120.0 227.82 
0.0 16.0 6.0 116.0 209.73999999999998 
0.0 15.0 10.0 118.0 204.37999999999997 
0.0 15.0 8.0 119.0 213.55999999999997 
0.0 15.0 7.0 119.0 225.48999999999998 
0.0 15.0 9.0 118.0 209.28 
0.0 16.0 8.0 114.0 198.44999999999996 
0.0 15.0 8.0 117.0 219.10000000000002 
0.0 15.0 11.0 117.0 203.98 
0.0 15.0 10.0 117.0 206.86999999999998 
0.0 15.0 9.0 117.0 211.77 
0.0 15.0 11.0 116.0 204.53999999999996 
0.0 15.0 10.0 116.0 207.95 
0.0 15.0 9.0 116.0 215.28 
0.0 15.0 11.0 115.0 206.39 
0.0 15.0 10.0 115.0 213.72 
0.0 16.0 7.0 114.0 204.57999999999996 
0.0 16.0 9.0 113.0 194.62999999999997 
0.0 16.0 11.0 112.0 190.81999999999996 
0.0 16.0 10.0 112.0 193.06999999999996 
0.0 16.0 8.0 113.0 199.53 
0.0 16.0 7.0 113.0 211.46 
0.0 16.0 9.0 112.0 196.48 
0.0 16.0 8.0 111.0 206.3 
0.0 17.0 7.0 108.0 190.54999999999998 
0.0 16.0 11.0 111.0 192.67 
0.0 16.0 10.0 111.0 195.55999999999997 
0.0 16.0 9.0 111.0 198.97 
0.0 17.0 6.0 110.0 196.93999999999997 
0.0 16.0 10.0 110.0 196.64 
0.0 16.0 9.0 110.0 203.97 
0.0 18.0 5.0 106.0 197.19 
0.0 17.0 8.0 108.0 185.64999999999995 
0.0 17.0 9.0 108.0 182.76 
0.0 18.0 6.0 104.0 182.91 
0.0 17.0 10.0 107.0 181.83999999999997 
0.0 17.0 9.0 107.0 183.31999999999996 
0.0 17.0 8.0 107.0 186.73 
0.0 17.0 7.0 107.0 198.66 
0.0 17.0 10.0 106.0 182.92 
0.0 17.0 9.0 106.0 185.16999999999996 
0.0 17.0 8.0 105.0 194.99 
0.0 17.0 9.0 105.0 187.66 
0.0 18.0 8.0 103.0 173.01 
0.0 18.0 7.0 102.0 177.74999999999997 
0.0 18.0 6.0 103.0 193.79999999999998 
0.0 18.0 9.0 102.0 171.44999999999996 
0.0 18.0 8.0 102.0 174.33999999999995 
0.0 18.0 9.0 101.0 173.94 
0.0 18.0 8.0 101.0 175.42 
0.0 18.0 7.0 101.0 187.35 
0.0 19.0 5.0 100.0 184.39 
0.0 18.0 9.0 100.0 179.12 
0.0 18.0 8.0 100.0 186.45000000000002 
0.0 19.0 6.0 98.0 170.10999999999999 
0.0 19.0 5.0 99.0 186.15999999999997 
0.0 19.0 8.0 97.0 161.7 
0.0 19.0 7.0 96.0 166.43999999999997 
0.0 19.0 6.0 97.0 180.99999999999997 
0.0 19.0 9.0 96.0 164.48999999999998 
0.0 19.0 10.0 95.0 169.84999999999997 
0.0 19.0 9.0 95.0 170.68999999999997 
0.0 19.0 8.0 95.0 175.11 
0.0 20.0 8.0 94.0 152.6 
0.0 20.0 9.0 92.0 150.76999999999998 
0.0 20.0 6.0 92.0 158.79999999999998 
0.0 20.0 5.0 93.0 173.35999999999996 
0.0 20.0 8.0 91.0 154.73999999999998 
0.0 20.0 7.0 91.0 157.89999999999998 
0.0 20.0 6.0 91.0 166.97 
0.0 20.0 8.0 90.0 156.58999999999997 
0.0 20.0 7.0 90.0 163.92 
0.0 21.0 7.0 89.0 142.35 
0.0 21.0 5.0 88.0 152.44999999999996 
0.0 21.0 8.0 87.0 141.01999999999998 
0.0 21.0 7.0 87.0 143.26999999999998 
0.0 21.0 6.0 87.0 148.17 
0.0 21.0 5.0 87.0 159.32999999999998 
0.0 21.0 8.0 86.0 142.86999999999998 
0.0 21.0 7.0 85.0 146.83999999999997 
0.0 21.0 6.0 86.0 153.89 
0.0 21.0 6.0 85.0 154.17 
0.0 22.0 4.0 84.0 144.80999999999997 
0.0 22.0 6.0 82.0 133.51999999999998 
0.0 22.0 7.0 81.0 133.11999999999998 
0.0 22.0 6.0 81.0 135.36999999999998 
0.0 22.0 5.0 81.0 146.52999999999997 
0.0 22.0 7.0 80.0 138.29999999999998 
0.0 22.0 6.0 80.0 145.62999999999997 
0.0 23.0 6.0 77.0 121.64999999999998 
0.0 23.0 5.0 76.0 125.61999999999998 
0.0 23.0 8.0 75.0 132.39999999999998 
0.0 23.0 7.0 75.0 133.24999999999997 
0.0 23.0 6.0 75.0 134.29 
0.0 24.0 3.0 74.0 132.26 
0.0 24.0 4.0 72.0 117.97999999999999 
0.0 24.0 6.0 71.0 116.67999999999998 
0.0 24.0 5.0 71.0 117.07999999999998 
0.0 25.0 3.0 70.0 114.64999999999999 
0.0 24.0 7.0 70.0 120.04999999999998 
0.0 24.0 6.0 70.0 125.74999999999997 
0.0 25.0 5.0 68.0 103.35999999999999 
0.0 25.0 3.0 68.0 118.23 
0.0 25.0 6.0 67.0 102.95999999999998 
0.0 25.0 5.0 67.0 105.20999999999998 
0.0 25.0 4.0 67.0 109.44 
0.0 25.0 7.0 66.0 106.32999999999998 
0.0 25.0 6.0 66.0 108.13999999999999 
0.0 25.0 5.0 66.0 112.02999999999999 
0.0 25.0 4.0 66.0 113.07 
0.0 25.0 6.0 65.0 110.29999999999998 
0.0 25.0 5.0 65.0 117.63 
0.0 26.0 5.0 63.0 91.48999999999998 
0.0 26.0 4.0 62.0 95.45999999999998 
0.0 26.0 3.0 62.0 105.43 
0.0 26.0 6.0 61.0 96.57999999999998 
0.0 26.0 5.0 61.0 98.82999999999998 
0.0 26.0 4.0 61.0 104.53 
0.0 26.0 6.0 60.0 100.67999999999998 
0.0 26.0 5.0 60.0 108.00999999999999 
0.0 27.0 2.0 60.0 102.10000000000001 
0.0 27.0 3.0 58.0 87.82 
0.0 27.0 5.0 57.0 85.10999999999999 
0.0 27.0 4.0 57.0 86.91999999999999 
0.0 27.0 3.0 57.0 96.88999999999999 
0.0 27.0 6.0 56.0 86.95999999999998 
0.0 27.0 5.0 56.0 88.97999999999999 
0.0 27.0 4.0 56.0 89.07999999999998 
0.0 27.0 6.0 55.0 92.13999999999999 
0.0 27.0 5.0 55.0 97.75 
0.0 28.0 2.0 54.0 88.07 
0.0 28.0 4.0 52.0 75.36 
0.0 28.0 3.0 53.0 79.28 
0.0 28.0 3.0 52.0 81.44 
0.0 28.0 4.0 51.0 79.45999999999998 
0.0 28.0 5.0 50.0 82.6 
0.0 28.0 4.0 50.0 89.93 
0.0 29.0 2.0 48.0 75.27 
0.0 29.0 3.0 47.0 67.76 
0.0 29.0 4.0 46.0 70.92 
0.0 29.0 3.0 46.0 76.53 
0.0 29.0 5.0 45.0 72.97999999999999 
0.0 29.0 4.0 45.0 80.31 
0.0 30.0 3.0 41.0 61.38000000000001 
0.0 30.0 2.0 42.0 68.89 
0.0 30.0 5.0 40.0 69.00999999999999 
0.0 30.0 4.0 40.0 70.05 
0.0 31.0 5.0 35.0 59.39 
0.0 31.0 4.0 35.0 60.42999999999999 
0.0 32.0 3.0 31.0 47.790000000000006 
0.0 32.0 2.0 31.0 48.83 
0.0 32.0 4.0 30.0 56.459999999999994 
0.0 33.0 2.0 28.0 38.79 
0.0 33.0 2.0 26.0 39.209999999999994 
0.0 33.0 4.0 25.0 46.839999999999996 
0.0 34.0 2.0 21.0 35.24 
0.0 35.0 2.0 18.0 25.2 
0.0 35.0 1.0 18.0 26.24 
0.0 35.0 2.0 16.0 25.619999999999997 
0.0 35.0 1.0 17.0 27.6 
0.0 37.0 1.0 8.0 12.649999999999999 
